Average Results after 20 operations:
Threads(I)  Time(sec)(T_i)         Gain(S) Gain Modified(S)
         1       16.171235        1.000000        1.000000
         2        9.114696        1.774194        0.887097
         4        4.150001        3.896682        0.974170
         6        2.751073        5.878156        0.979693
         8        2.123540        7.615226        0.951903
        16        1.246633       12.971933        0.810746
        20        1.079364       14.982192        0.749110
        40        0.988172       16.364806        0.409120
