Average Results after 20 operations:
Threads(I)  Time(sec)(T_i)         Gain(S) Gain Modified(S)
         1        4.056802        1.000000        1.000000
         2        2.107153        1.925253        0.962626
         4        1.062027        3.819868        0.954967
         6        0.680833        5.958586        0.993098
         8        0.530164        7.651979        0.956497
        16        0.301758       13.443895        0.840243
        20        0.241678       16.786009        0.839300
        40        0.257614       15.747581        0.393690
