Average Results after 5 operations:
Threads(I)  Time(sec)(T_i)         Gain(S) Gain Modified(S)
         1       32.487903        1.000000        1.000000
         2       17.160739        1.893153        0.946576
         4        8.365986        3.883332        0.970833
         6        6.264602        5.185949        0.864325
         8        6.740865        4.819545        0.602443
        16        6.345724        5.119653        0.319978
        20        6.262967        5.187302        0.259365
        40        6.868735        4.729824        0.118246
