Average Results after 5 operations:
Threads(I)  Time(sec)(T_i)         Gain(S) Gain Modified(S)
         1       56.971725        1.000000        1.000000
         2       29.297685        1.944581        0.972291
         4       15.331070        3.716096        0.929024
         6       11.417140        4.990017        0.831669
         8       13.141649        4.335204        0.541900
        16       10.659577        5.344652        0.334041
        20        9.899057        5.755268        0.287763
        40        8.276863        6.883251        0.172081
