Average Results after 20 operations:
Threads(I)  Time(sec)(T_i)         Gain(S) Gain Modified(S)
         1        0.492145        1.000000        1.000000
         2        0.246906        1.993246        0.996623
         4        0.123903        3.972036        0.993009
         6        0.083382        5.902295        0.983716
         8        0.063359        7.767626        0.970953
        16        0.035816       13.740997        0.858812
        20        0.031838       15.457650        0.772883
        40        0.020779       23.685089        0.592127
