Average Results after 20 operations:
Threads(I)  Time(sec)(T_i)         Gain(S) Gain Modified(S)
         1        0.962383        1.000000        1.000000
         2        0.493996        1.948160        0.974080
         4        0.259258        3.712073        0.928018
         6        0.176931        5.439322        0.906554
         8        0.135969        7.077961        0.884745
        16        0.084618       11.373320        0.710832
        20        0.069565       13.834386        0.691719
        40        0.040151       23.969061        0.599227
