Average Results after 5 operations:
Threads(I)  Time(sec)(T_i)         Gain(S) Gain Modified(S)
         1       32.451915        1.000000        1.000000
         2       16.658717        1.948044        0.974022
         4        9.067851        3.578788        0.894697
         6        7.619968        4.258799        0.709800
         8        8.797322        3.688840        0.461105
        16        6.239704        5.200875        0.325055
        20        5.951303        5.452909        0.272645
        40        5.396106        6.013951        0.150349
