Average Results after 5 operations:
Threads(I)  Time(sec)(T_i)         Gain(S) Gain Modified(S)
         1       60.195051        1.000000        1.000000
         2       32.151366        1.872239        0.936120
         4       17.831427        3.375784        0.843946
         6       13.509073        4.455898        0.742650
         8       12.191424        4.937491        0.617186
        16       12.950439        4.648109        0.290507
        20       12.196674        4.935366        0.246768
        40       10.492528        5.736945        0.143424
